STARLINK-1644           
1 46532U 20070A   20309.16667824 -.01094696  00000-0 -16190-1 0  9998
2 46532  53.0008 301.2260 0001196  59.1475 330.4184 15.57380091  5322
STARLINK-1648           
1 46533U 20070B   20309.16667824 -.01093227  00000-0 -16701-1 0  9996
2 46533  53.0011 301.2061 0001215  60.4767 342.9818 15.56514210  5320
STARLINK-1659           
1 46534U 20070C   20309.16667824 -.01095156  00000-0 -15967-1 0  9993
2 46534  53.0020 301.2233 0001152  64.5175 330.8502 15.57759768  5326
STARLINK-1663           
1 46535U 20070D   20309.16667824 -.01089913  00000-0 -18130-1 0  9993
2 46535  53.0003 301.2256 0001177  59.6150 302.6547 15.54214034  5323
STARLINK-1668           
1 46536U 20070E   20309.16667824 -.01090100  00000-0 -18003-1 0  9993
2 46536  53.0009 301.2255 0001158  64.1178 301.7771 15.54410123  5325
STARLINK-1672           
1 46537U 20070F   20309.16667824 -.01093511  00000-0 -16586-1 0  9997
2 46537  53.0027 301.1969 0001225  60.4993 346.0692 15.56706047  5011
STARLINK-1678           
1 46538U 20070G   20309.16667824 -.01089557  00000-0 -18253-1 0  9996
2 46538  53.0007 301.2418 0001156  62.1384 296.4338 15.54020626  5011
STARLINK-1684           
1 46539U 20070H   20309.16667824 -.01091255  00000-0 -17523-1 0  9994
2 46539  53.0015 301.1943 0001144  66.4378 313.9744 15.55172640  5011
STARLINK-1685           
1 46540U 20070J   20309.16667824 -.00012916  00000-0 -11807-3 0  9993
2 46540  52.9895 300.6167 0007842 288.5935  12.1316 15.66101208  5338
STARLINK-1687           
1 46541U 20070K   20309.16667824 -.00020331  00000-0 -21377-3 0  9997
2 46541  52.9883 299.5040 0001162  53.4312  40.5295 15.63103314  5348
STARLINK-1692           
1 46542U 20070L   20309.16667824 -.01091469  00000-0 -17399-1 0  9996
2 46542  53.0018 301.1952 0001156  65.7577 317.9377 15.55369705  5324
STARLINK-1693           
1 46543U 20070M   20309.16667824 -.01092688  00000-0 -16936-1 0  9997
2 46543  53.0011 301.2152 0001184  64.1172 333.1877 15.56126502  5328
STARLINK-1694           
1 46544U 20070N   20309.16667824 -.00039723  00000-0 -42955-3 0  9990
2 46544  52.9997 301.1590 0001157  83.5220 327.8053 15.62785306  5320
STARLINK-1696           
1 46545U 20070P   20309.16667824 -.01089097  00000-0 -18375-1 0  9998
2 46545  53.0012 301.2335 0001077  79.4032 275.4031 15.53827236  5317
STARLINK-1697           
1 46546U 20070Q   20309.16667824 -.01090259  00000-0 -17756-1 0  9993
2 46546  53.0013 301.2095 0001069  89.8256 283.5155 15.54789364  5010
STARLINK-1698           
1 46547U 20070R   20309.16667824 -.01093611  00000-0 -16468-1 0  9998
2 46547  53.0023 301.1813 0001125  77.5766 331.9249 15.56899597  5320
STARLINK-1699           
1 46548U 20070S   20309.16667824 -.01092550  00000-0 -16811-1 0  9992
2 46548  53.0031 301.2113 0001090  80.3096 320.0587 15.56321707  5320
STARLINK-1700           
1 46549U 20070T   20309.16667824 -.01090067  00000-0 -17877-1 0  9997
2 46549  53.0024 301.2319 0001074  81.9860 287.6155 15.54600290  5019
STARLINK-1701           
1 46550U 20070U   20309.16667824 -.01091670  00000-0 -17278-1 0  9995
2 46550  53.0020 301.1895 0001102  74.7426 312.3001 15.55563355  5326
STARLINK-1702           
1 46551U 20070V   20308.49538822  .00020416  00000-0  19802-3 0  9990
2 46551  52.9894 304.1646 0001520  16.8627 343.2437 15.66364627  5223
STARLINK-1649           
1 46552U 20070W   20309.50002315  .00047984  00000-0  52714-3 0  9995
2 46552  53.0022 299.5020 0000889  59.0032  78.8960 15.62735054  5378
STARLINK-1664           
1 46553U 20070X   20309.16667824 -.00019191  00000-0 -20428-3 0  9998
2 46553  53.0002 301.1096 0001154  72.7103 358.9483 15.62748945  5327
STARLINK-1671           
1 46554U 20070Y   20309.50002315  .00046175  00000-0  50756-3 0  9992
2 46554  52.9997 299.5153 0001140  65.8690  66.8592 15.62736813  5374
STARLINK-1674           
1 46555U 20070Z   20309.50002315  .00047983  00000-0  52731-3 0  9996
2 46555  52.9998 299.4737 0001033  60.9501  89.5400 15.62726148  5371
STARLINK-1676           
1 46556U 20070AA  20309.16667824 -.01094687  00000-0 -16063-1 0  9993
2 46556  53.0009 301.2197 0001071  90.4695 300.4285 15.57589407  5323
STARLINK-1679           
1 46557U 20070AB  20309.50002315 -.00146848  00000-0 -16179-2 0  9995
2 46557  52.9995 299.4891 0001795  70.9353  72.9171 15.62894060  5372
STARLINK-1680           
1 46558U 20070AC  20309.50002315  .00047359  00000-0  52069-3 0  9990
2 46558  53.0023 299.4906 0001323  66.6521  73.6780 15.62720098  5373
STARLINK-1681           
1 46559U 20070AD  20309.16667824 -.00023867  00000-0 -25523-3 0  9990
2 46559  53.0020 301.1138 0000809  68.5717   0.4681 15.62788602  5323
STARLINK-1706           
1 46560U 20070AE  20309.16667824 -.00010969  00000-0 -11411-3 0  9992
2 46560  53.0011 301.1423 0001113  69.8564 349.0653 15.62754880  5327
STARLINK-1709           
1 46561U 20070AF  20309.15715579  .00021919  00000-0  24484-3 0  9992
2 46561  53.0022 301.1968 0000745  68.1949 291.9143 15.62723336  5324
STARLINK-1714           
1 46562U 20070AG  20309.16667824 -.00028289  00000-0 -30404-3 0  9991
2 46562  53.0021 301.1042 0001003  70.4181   6.2907 15.62765383  5018
STARLINK-1730           
1 46563U 20070AH  20309.50002315  .00049728  00000-0  54575-3 0  9992
2 46563  53.0018 299.4480 0000784  64.2961  96.3741 15.62745266  5375
STARLINK-1733           
1 46564U 20070AJ  20309.16667824 -.00004709  00000-0 -45622-4 0  9993
2 46564  53.0023 301.0659 0001147  67.4784  24.4790 15.62756143  5329
STARLINK-1735           
1 46565U 20070AK  20309.16667824 -.00033169  00000-0 -35771-3 0  9999
2 46565  53.0019 301.0800 0001173  68.9720  12.8138 15.62765154  5013
STARLINK-1740           
1 46566U 20070AL  20309.50002315 -.00013121  00000-0 -13769-3 0  9995
2 46566  53.0021 299.4663 0001312  66.0305  89.6792 15.62752034  5063
STARLINK-1741           
1 46567U 20070AM  20309.16667824 -.00000774  00000-0 -26275-5 0  9998
2 46567  53.0019 301.0614 0001078  78.9034  15.5245 15.62733551  5320
STARLINK-1743           
1 46568U 20070AN  20309.16667824 -.01091184  00000-0 -17382-1 0  9990
2 46568  52.9994 301.1123 0001267  57.2891   0.6795 15.55387357  5324
STARLINK-1747           
1 46569U 20070AP  20309.50002315  .00046625  00000-0  51245-3 0  9992
2 46569  53.0004 299.4440 0001374  66.6919  99.0888 15.62735170  5068
STARLINK-1748           
1 46570U 20070AQ  20309.50002315 -.00089532  00000-0 -96638-3 0  9995
2 46570  52.9845 297.1944 0001248  65.0292 106.4825 15.63179776  5409
STARLINK-1753           
1 46571U 20070AR  20309.50002315  .00049339  00000-0  54186-3 0  9997
2 46571  53.0018 299.4426 0000917  49.5327 113.6683 15.62730681  5377
STARLINK-1531           
1 46572U 20070AS  20309.16667824 -.01091499  00000-0 -17265-1 0  9994
2 46572  53.0019 301.1401 0001306  54.8788   6.5468 15.55577319  5321
STARLINK-1650           
1 46573U 20070AT  20309.50002315  .00047248  00000-0  51907-3 0  9994
2 46573  53.0012 299.5149 0001224  65.0350  68.9595 15.62741141  5374
STARLINK-1660           
1 46574U 20070AU  20309.50002315  .00047418  00000-0  52116-3 0  9997
2 46574  53.0016 299.5032 0001379  69.2741  69.8929 15.62728008  5379
STARLINK-1675           
1 46575U 20070AV  20309.50002315  .00047707  00000-0  52434-3 0  9992
2 46575  53.0012 299.4782 0001112  63.7583  85.4729 15.62725682  5372
STARLINK-1677           
1 46576U 20070AW  20309.50002315  .00046605  00000-0  51237-3 0  9999
2 46576  53.0021 299.4933 0000942  52.6935  89.0278 15.62728721  5375
STARLINK-1682           
1 46577U 20070AX  20309.50002315  .00047626  00000-0  52348-3 0  9998
2 46577  53.0008 299.5185 0001229  63.2860  68.1143 15.62724545  5374
STARLINK-1683           
1 46578U 20070AY  20309.50002315 -.00030292  00000-0 -32619-3 0  9991
2 46578  53.0003 299.4793 0000984  63.9124  82.8880 15.62755579  5069
STARLINK-1705           
1 46579U 20070AZ  20309.50002315  .00047884  00000-0  52619-3 0  9997
2 46579  53.0008 299.5074 0001193  68.2631  68.2647 15.62728485  5371
STARLINK-1708           
1 46580U 20070BA  20309.50002315  .00047716  00000-0  52432-3 0  9996
2 46580  53.0019 299.4890 0001054  60.1998  83.9458 15.62731474  5379
STARLINK-1712           
1 46581U 20070BB  20309.50002315  .00047453  00000-0  52166-3 0  9999
2 46581  53.0015 299.4612 0001322  66.9558  89.8945 15.62722226  5362
STARLINK-1728           
1 46582U 20070BC  20309.16667824 -.00062802  00000-0 -68372-3 0  9997
2 46582  53.0028 301.1041 0001354  75.1026   0.3365 15.62812350  5318
STARLINK-1729           
1 46583U 20070BD  20309.35815163 -.00551241  00000-0 -84843-2 0  9990
2 46583  53.0005 300.2810 0001076  20.2024 339.9028 15.55502941  5353
STARLINK-1732           
1 46584U 20070BE  20309.50002315  .00049196  00000-0  54061-3 0  9994
2 46584  53.0014 299.4474 0000777  82.3095  79.6083 15.62716623  5062
STARLINK-1736           
1 46585U 20070BF  20309.16667824 -.00011495  00000-0 -11977-3 0  9991
2 46585  53.0021 301.0914 0001167  74.1067   3.8157 15.62776228  5015
STARLINK-1737           
1 46586U 20070BG  20309.50002315 -.00012137  00000-0 -12693-3 0  9998
2 46586  53.0017 299.4559 0001238  61.6463  97.8899 15.62749880  5061
STARLINK-1744           
1 46587U 20070BH  20309.50002315 -.00577280  00000-0 -21875-2 0  9995
2 46587  52.9860 294.6843 0009237 248.3680  41.1345 15.88128251  5431
STARLINK-1746           
1 46588U 20070BJ  20309.50002315  .00046941  00000-0  51602-3 0  9991
2 46588  53.0021 299.4432 0000986  60.4587 106.6747 15.62727649  5375
STARLINK-1749           
1 46589U 20070BK  20309.50002315  .00048536  00000-0  53291-3 0  9990
2 46589  53.0020 299.4175 0000951  55.6114 119.0840 15.62743999  5371
STARLINK-1754           
1 46590U 20070BL  20309.50002315  .00049777  00000-0  54590-3 0  9993
2 46590  53.0062 299.4112 0008633 285.9116 243.6679 15.62722544  5372
STARLINK-1755           
1 46591U 20070BM  20309.16667824 -.00002407  00000-0 -20471-4 0  9991
2 46591  53.0024 301.0619 0001166  70.4130  25.2762 15.62740147  5321
FALCON 9 DEB            
1 46592U 20070BN  20309.28140536  .03700687  12223-4  49599-3 0  9992
2 46592  52.9785 293.7591 0001847  80.3414 279.7837 16.34671907  5428
FALCON 9 DEB            
1 46593U 20070BP  20309.28888378  .02065868  12053-4  51887-3 0  9994
2 46593  52.9837 293.8187 0005756  68.9903 291.1753 16.28235579  5426
FALCON 9 DEB            
1 46594U 20070BQ  20308.87666344  .08232523  12474-4  33795-3 0  9991
2 46594  52.9750 295.4926 0000708 245.2341 114.8632 16.44066995  5360
FALCON 9 DEB            
1 46595U 20070BR  20307.07211941  .14053279  12653-4  14469-3 0  9994
2 46595  52.9744 304.9143 0002052 250.8883 109.1945 16.50706586  5074
FLOCK 4V-21             
1 46596U 20061BK  20308.88417712  .00000814  00000-0  46173-4 0  9998
2 46596  97.4562  20.8817 0004749  26.9070 333.2408 15.15695782  3082
FLOCK 4V-18             
1 46597U 20061BG  20308.76523571  .00000813  00000-0  47190-4 0  9996
2 46597  97.4692  20.7659 0008311  29.5342 330.6357 15.14886061  4299
FLOCK 4V-19             
1 46609U 20061BH  20309.47496914  .00000792  00000-0  44878-4 0  9995
2 46609  97.4569  21.4679 0004100  28.4994 331.6462 15.15825518  3949
GAOFEN 13               
1 46610U 20071A   20308.47804037 -.00000351  00000-0  00000+0 0  9992
2 46610   1.9560 282.1341 0002968 282.8032 128.1864  1.00275184   346
CZ-3B R/B               
1 46611U 20071B   20305.48713368  .00026831  33765-6  10000-3 0  9992
2 46611  28.4683 264.4084 7227108 191.6323 132.2520  2.41074729   473
FLOCK 4V-20             
1 46612U 20061BJ  20309.16221626  .00000649  00000-0  38480-4 0  9994
2 46612  97.4677  21.1453 0008800  33.7222 326.4568 15.14762935  3417
SOYUZ-MS 17             
1 46613U 20072A   20308.57161788  .00002429  00000-0  51574-4 0  9990
2 46613  51.6472  18.7772 0001908  83.6881  57.7096 15.49378795253621
STARLINK-1715           
1 46671U 20073B   20308.66667824  .05489260  00000-0  38087-1 0  9995
2 46671  53.0487  29.2913 0002464 326.5145 178.6003 15.69510169  3057
STARLINK-1716           
1 46672U 20073C   20309.50002315 -.01183584  00000-0 -11862-1 0  9998
2 46672  53.0495  25.1382 0001347  61.2754 104.2352 15.67478381  3183
STARLINK-1717           
1 46673U 20073D   20309.50002315 -.01184245  00000-0 -11941-1 0  9992
2 46673  53.0481  25.1542 0001314  63.9169  93.0146 15.67331891  3180
STARLINK-1718           
1 46674U 20073E   20309.50002315 -.01183907  00000-0 -11941-1 0  9997
2 46674  53.0494  25.1219 0001335  61.0906 112.4253 15.67324037  3186
STARLINK-1720           
1 46675U 20073F   20309.50002315 -.01183948  00000-0 -11947-1 0  9999
2 46675  53.0510  25.1147 0001488  49.4794 124.7478 15.67311362  3182
STARLINK-1731           
1 46676U 20073G   20309.16667824 -.01186310  00000-0 -11511-1 0  9997
2 46676  53.0481  26.7358 0001353  51.8329  48.7051 15.68269345  3123
STARLINK-1766           
1 46677U 20073H   20309.16667824 -.01093701  00000-0 -10781-1 0  9997
2 46677  53.0495  26.7516 0001271  57.5941  35.0587 15.68109208  3121
STARLINK-1772           
1 46678U 20073J   20308.81662248  .00048174  00000-0  25490-3 0  9990
2 46678  53.0494  28.2963 0007907 299.2490  60.7739 15.80075240  3070
STARLINK-1773           
1 46679U 20073K   20309.16667824 -.01094011  00000-0 -10746-1 0  9995
2 46679  53.0499  26.7439 0001241  62.6727  34.0115 15.68195837  3126
STARLINK-1774           
1 46680U 20073L   20309.50002315 -.01184673  00000-0 -11972-1 0  9999
2 46680  53.0502  25.1537 0001219  98.0809  61.7446 15.67279279  3186
STARLINK-1775           
1 46681U 20073M   20309.50002315 -.01183800  00000-0 -12117-1 0  9993
2 46681  53.0490  25.1679 0001249  74.8282  79.2900 15.66964848  3181
STARLINK-1776           
1 46682U 20073N   20309.16667824 -.01094159  00000-0 -10720-1 0  9994
2 46682  53.0482  26.7852 0001360  48.9458  27.4932 15.68256909  3234
STARLINK-1778           
1 46683U 20073P   20309.16667824 -.01186274  00000-0 -11634-1 0  9990
2 46683  53.0480  26.7739 0001373  48.5218  34.2596 15.68010904  3124
STARLINK-1780           
1 46684U 20073Q   20309.16667824 -.01093852  00000-0 -10771-1 0  9991
2 46684  53.0500  26.7485 0001142  76.2192  18.1427 15.68136635  3123
STARLINK-1781           
1 46685U 20073R   20309.50002315 -.01095873  00000-0 -11127-1 0  9999
2 46685  53.0496  25.1411 0001337  61.3935 102.9931 15.67395348  3181
STARLINK-1783           
1 46686U 20073S   20309.16667824 -.01186548  00000-0 -11593-1 0  9991
2 46686  53.0495  26.7945 0001266  53.5872  18.9674 15.68103666  3129
STARLINK-1784           
1 46687U 20073T   20309.16667824 -.01180858  00000-0 -11436-1 0  9996
2 46687  53.0505  26.7348 0001259  62.2339  39.9101 15.68305063  3129
STARLINK-1786           
1 46688U 20073U   20309.16667824 -.01186601  00000-0 -11548-1 0  9993
2 46688  53.0477  26.7774 0001276  54.2854  25.8104 15.68198919  3120
STARLINK-1788           
1 46689U 20073V   20309.50002315 -.01183518  00000-0 -12115-1 0  9995
2 46689  53.0490  25.1552 0001378  55.9522  98.8099 15.66961280  3182
STARLINK-1789           
1 46690U 20073W   20309.16667824 -.01186014  00000-0 -11505-1 0  9997
2 46690  53.0497  26.7413 0001276  59.2090  39.3703 15.68275998  3120
STARLINK-1790           
1 46691U 20073X   20309.16667824 -.01165956  00000-0 -11387-1 0  9998
2 46691  53.0500  26.7672 0001216  62.9831  23.0719 15.68069424  3123
STARLINK-1791           
1 46692U 20073Y   20309.50002315 -.01137409  00000-0 -11546-1 0  9994
2 46692  53.0495  25.1573 0001366  58.3156  98.1686 15.67064388  3180
STARLINK-1792           
1 46693U 20073Z   20308.83334491 -.01105668  00000-0 -10494-1 0  9996
2 46693  53.0501  28.4110 0000554   7.7026 352.9245 15.69059561  3073
STARLINK-1793           
1 46694U 20073AA  20309.16667824 -.01176032  00000-0 -11416-1 0  9991
2 46694  53.0483  26.7410 0001244  61.3681  36.8135 15.68237896  3127
STARLINK-1794           
1 46695U 20073AB  20309.16667824 -.01186419  00000-0 -11642-1 0  9993
2 46695  53.0502  26.7771 0001134  75.7313   6.5061 15.67999680  3126
STARLINK-1795           
1 46696U 20073AC  20309.16667824 -.01180761  00000-0 -11427-1 0  9999
2 46696  53.0480  26.7328 0001392  50.4696  50.9097 15.68320675  3125
STARLINK-1796           
1 46697U 20073AD  20309.25002315 -.01206467  00000-0 -11875-1 0  9997
2 46697  53.0497  26.3707 0001293  90.8127  98.9797 15.67967986  3140
STARLINK-1797           
1 46698U 20073AE  20309.50002315 -.01101965  00000-0 -11153-1 0  9992
2 46698  53.0496  25.1255 0001310  63.7133 107.7274 15.67489810  3189
STARLINK-1799           
1 46699U 20073AF  20309.16667824 -.01094123  00000-0 -10795-1 0  9995
2 46699  53.0494  26.7570 0001230  62.5919  27.3311 15.68088605  3126
STARLINK-1800           
1 46700U 20073AG  20309.16667824 -.01186530  00000-0 -11595-1 0  9991
2 46700  53.0487  26.7932 0001135  71.8483   2.6463 15.68100207  3123
STARLINK-1801           
1 46701U 20073AH  20309.16667824 -.01186267  00000-0 -11621-1 0  9999
2 46701  53.0503  26.7713 0001165  69.9012  14.5830 15.68039760  3124
STARLINK-1802           
1 46702U 20073AJ  20309.50002315 -.01179907  00000-0 -11844-1 0  9996
2 46702  53.0495  25.1082 0001290  66.1606 113.6298 15.67431974  3181
STARLINK-1803           
1 46703U 20073AK  20309.16667824 -.01094036  00000-0 -10715-1 0  9996
2 46703  53.0499  26.7653 0001255  57.0853  28.8363 15.68266198  3120
STARLINK-1804           
1 46704U 20073AL  20309.50002315 -.01184238  00000-0 -11903-1 0  9997
2 46704  53.0505  25.1117 0001291  66.7803 111.9064 15.67409726  3182
STARLINK-1805           
1 46705U 20073AM  20309.16667824 -.01185568  00000-0 -11688-1 0  9999
2 46705  53.0495  26.7904 0001214  60.1858  15.2548 15.67884014  3129
STARLINK-1807           
1 46706U 20073AN  20309.16667824 -.01093722  00000-0 -10765-1 0  9995
2 46706  53.0496  26.7499 0001311  54.8828  38.6985 15.68145276  3120
STARLINK-1808           
1 46707U 20073AP  20309.16667824 -.01094207  00000-0 -10628-1 0  9993
2 46707  53.0492  26.7304 0001296  56.0810  46.4612 15.68466903  3126
STARLINK-1809           
1 46708U 20073AQ  20309.16667824 -.01094018  00000-0 -10704-1 0  9999
2 46708  53.0494  26.7282 0001260  59.5611  43.8245 15.68290511  3125
STARLINK-1810           
1 46709U 20073AR  20309.16667824 -.01186289  00000-0 -11632-1 0  9993
2 46709  53.0498  26.7737 0001251  58.1174  25.2606 15.68016549  3126
STARLINK-1811           
1 46710U 20073AS  20309.50002315 -.01183926  00000-0 -11969-1 0  9999
2 46710  53.0482  25.1514 0001407  53.9149 104.7042 15.67266647  3183
STARLINK-1813           
1 46711U 20073AT  20309.16667824 -.01093805  00000-0 -10755-1 0  9992
2 46711  53.0477  26.7455 0001274  57.0139  37.9624 15.68170123  3126
STARLINK-1814           
1 46712U 20073AU  20309.16667824 -.01094322  00000-0 -10678-1 0  9992
2 46712  53.0503  26.7500 0001155  76.2008  17.7915 15.68357790  3120
STARLINK-1815           
1 46713U 20073AV  20309.50002315 -.01184139  00000-0 -11984-1 0  9996
2 46713  53.0493  25.1326 0001292  66.2339 103.3555 15.67241977  3182
STARLINK-1816           
1 46714U 20073AW  20309.16667824 -.01190624  00000-0 -11523-1 0  9996
2 46714  53.0495  26.7627 0002301 356.5572  90.7856 15.68332240  3124
STARLINK-1817           
1 46715U 20073AX  20309.16667824 -.01093124  00000-0 -10797-1 0  9996
2 46715  53.0495  26.7588 0001299  55.3051  33.9674 15.68058731  3129
STARLINK-1818           
1 46716U 20073AY  20309.16667824 -.01151597  00000-0 -11225-1 0  9993
2 46716  53.0500  26.7977 0001213  59.4230  12.4414 15.68085152  3120
STARLINK-1820           
1 46717U 20073AZ  20309.50002315 -.01177174  00000-0 -11891-1 0  9998
2 46717  53.0512  25.1263 0001336  62.7363 105.9872 15.67272441  3174
STARLINK-1821           
1 46718U 20073BA  20309.50002315 -.01181125  00000-0 -11890-1 0  9999
2 46718  53.0497  25.1530 0001299  65.5675  93.0445 15.67365230  3171
STARLINK-1822           
1 46719U 20073BB  20309.16667824 -.01094253  00000-0 -10622-1 0  9991
2 46719  53.0495  26.7333 0001267  59.9528  41.2984 15.68481960  3125
STARLINK-1823           
1 46720U 20073BC  20309.16667824 -.01094079  00000-0 -10629-1 0  9996
2 46720  53.0480  26.7369 0001408  48.8659  50.1556 15.68460366  3120
STARLINK-1824           
1 46721U 20073BD  20309.16667824 -.01186542  00000-0 -11517-1 0  9991
2 46721  53.0492  26.7396 0001246  60.8553  39.0994 15.68262947  3128
STARLINK-1825           
1 46722U 20073BE  20309.16667824 -.01093870  00000-0 -10906-1 0  9994
2 46722  53.0502  26.7951 0001213  60.8260  11.9063 15.67834569  3127
STARLINK-1826           
1 46723U 20073BF  20309.50002315 -.01184640  00000-0 -11847-1 0  9992
2 46723  53.0497  25.0923 0001238  75.0105 112.3875 15.67534205  3171
STARLINK-1827           
1 46724U 20073BG  20309.16667824 -.01094179  00000-0 -10632-1 0  9995
2 46724  53.0477  26.7324 0001314  54.4506  46.4618 15.68456934  3124
STARLINK-1828           
1 46725U 20073BH  20309.50002315 -.01183643  00000-0 -12035-1 0  9996
2 46725  53.0495  25.1465 0001313  65.1846  96.8534 15.67126751  3170
STARLINK-1829           
1 46726U 20073BJ  20309.16667824 -.01180296  00000-0 -11523-1 0  9993
2 46726  53.0495  26.7630 0001255  58.2033  30.1781 15.68108862  3122
STARLINK-1830           
1 46727U 20073BK  20309.16667824 -.01094256  00000-0 -10603-1 0  9992
2 46727  53.0492  26.7281 0001268  58.9254  44.6738 15.68525189  3125
STARLINK-1831           
1 46728U 20073BL  20309.16667824 -.01100029  00000-0 -10699-1 0  9994
2 46728  53.0497  26.7410 0001170  70.9526  26.4061 15.68450632  3120
STARLINK-1841           
1 46729U 20073BM  20308.91677083 -.01186752  00000-0 -11354-1 0  9991
2 46729  53.0467  28.0081 0001369  51.2477  58.1762 15.68610878  1829
FALCON 9 DEB            
1 46730U 20073BN  20309.13725905  .00465252  12322-3  43247-3 0  9998
2 46730  53.0486  24.4813 0013729  10.8047 349.3280 16.11431493  2679
FALCON 9 DEB            
1 46731U 20073BP  20309.13565712  .00402751  93490-4  38340-3 0  9996
2 46731  53.0496  24.4711 0014417  18.2670 341.8879 16.11065501  2671
FALCON 9 DEB            
1 46732U 20073BQ  20309.12194737  .00459452  12382-3  38007-3 0  9991
2 46732  53.0470  24.3787 0011125  19.8141 340.3324 16.13211941  2671
FALCON 9 DEB            
1 46733U 20073BR  20309.11393747  .00612934  22778-3  44040-3 0  9993
2 46733  53.0475  24.3263 0011887  28.0179 332.1494 16.15183476  2674
FLOCK 4V-22             
1 46735U 20061BL  20308.95642746  .00000736  00000-0  42602-4 0  9994
2 46735  97.4522  20.9304 0007229  28.8147 331.3504 15.15258767  2215
FLOCK 4V-23             
1 46737U 20061BM  20309.15081191  .00000834  00000-0  47326-4 0  9997
2 46737  97.4567  21.1446 0005388  19.4353 340.7066 15.15647658  2178
FLOCK 4V-24             
1 46738U 20061BN  20308.96030188  .00000768  00000-0  44885-4 0  9999
2 46738  97.4686  20.9484 0008033  41.6803 318.5038 15.14801270  1731
STARLINK A              
1 46739U 20074A   20309.50002315 -.01106848  00000-0 -47522-2 0  9994
2 46739  53.0464 107.6118 0001204  61.7053 149.7272 15.86965304  2210
STARLINK B              
1 46740U 20074B   20309.50002315 -.01107373  00000-0 -47254-2 0  9992
2 46740  53.0486 107.6028 0001275  52.8894 163.4717 15.87088949  2217
STARLINK C              
1 46741U 20074C   20308.83334491 -.01111832  00000-0 -43876-2 0  9992
2 46741  53.0485 111.0012 0001135  47.6515 313.4181 15.88657398  2107
STARLINK D              
1 46742U 20074D   20309.16667824 -.01118836  00000-0 -46234-2 0  9991
2 46742  53.0501 109.3017 0001164  31.5717  73.2724 15.87760546  2169
STARLINK E              
1 46743U 20074E   20309.50002315 -.01107204  00000-0 -47499-2 0  9999
2 46743  53.0463 107.5986 0001246  55.5677 161.8876 15.86981886  2213
STARLINK F              
1 46744U 20074F   20308.83334491 -.01111870  00000-0 -43945-2 0  9994
2 46744  53.0486 111.0029 0001105  50.1146 310.0344 15.88627500  2101
STARLINK G              
1 46745U 20074G   20309.50002315 -.01106347  00000-0 -47546-2 0  9991
2 46745  53.0487 107.6148 0001507  32.8653 178.3557 15.86941306  2216
STARLINK H              
1 46746U 20074H   20309.50002315 -.01106988  00000-0 -47540-2 0  9997
2 46746  53.0468 107.6106 0001261  55.1357 156.8462 15.86959925  2218
STARLINK J              
1 46747U 20074J   20309.50002315 -.01107117  00000-0 -47422-2 0  9992
2 46747  53.0479 107.6099 0001326  50.5402 162.7921 15.87011790  2210
STARLINK K              
1 46748U 20074K   20309.50002315 -.01104943  00000-0 -47342-2 0  9998
2 46748  53.0477 107.6107 0001808  18.2051 194.5315 15.86995049  2212
STARLINK L              
1 46749U 20074L   20309.50002315 -.01098485  00000-0 -47097-2 0  9999
2 46749  53.0467 107.6097 0000847 319.2153 253.2401 15.86977007  2212
STARLINK M              
1 46750U 20074M   20308.48002901  .01257533  10480-2  11972-2 0  9995
2 46750  53.0462 112.3142 0009966 321.1931  38.8387 16.11359475  2054
STARLINK N              
1 46751U 20074N   20309.50002315 -.01106911  00000-0 -47473-2 0  9994
2 46751  53.0468 107.6089 0001232  59.4492 153.3605 15.86987027  2214
STARLINK P              
1 46752U 20074P   20309.50002315 -.01100431  00000-0 -46977-2 0  9994
2 46752  53.0465 107.6055 0001960 353.6317 220.7875 15.87055388  2213
STARLINK Q              
1 46753U 20074Q   20309.16667824 -.01116353  00000-0 -45917-2 0  9992
2 46753  53.0494 109.2946 0001142  45.2171  63.1889 15.87847542  2166
STARLINK R              
1 46754U 20074R   20308.83334491 -.01111911  00000-0 -43917-2 0  9990
2 46754  53.0484 111.0013 0001104  50.5594 310.2302 15.88640899  2105
STARLINK S              
1 46755U 20074S   20308.83334491 -.01110215  00000-0 -43626-2 0  9994
2 46755  53.0480 110.9869 0001466  29.4436 333.6599 15.88733621  2103
STARLINK T              
1 46756U 20074T   20308.83334491 -.01111948  00000-0 -43772-2 0  9991
2 46756  53.0482 110.9989 0001586  27.0644 334.9377 15.88701154  2101
STARLINK U              
1 46757U 20074U   20308.83334491 -.01112029  00000-0 -43763-2 0  9993
2 46757  53.0503 110.9909 0001493  30.4682 331.9182 15.88708034  2100
STARLINK V              
1 46758U 20074V   20308.83334491 -.01112013  00000-0 -43708-2 0  9996
2 46758  53.0485 110.9983 0001248  40.4718 321.7765 15.88735367  2104
STARLINK W              
1 46759U 20074W   20308.83334491 -.01111529  00000-0 -44534-2 0  9996
2 46759  53.0485 111.0211 0001113  48.6211 303.4506 15.88357351  1832
STARLINK X              
1 46760U 20074X   20309.16667824 -.01117605  00000-0 -46751-2 0  9998
2 46760  53.0503 109.3177 0000895  68.2148  29.6879 15.87516808  2169
STARLINK Y              
1 46761U 20074Y   20309.50002315 -.01103208  00000-0 -47940-2 0  9990
2 46761  53.0487 107.6303 0002849 357.1975 206.9439 15.86692630  2217
STARLINK Z              
1 46762U 20074Z   20309.50002315 -.01103006  00000-0 -48130-2 0  9999
2 46762  53.0479 107.6356 0001907 353.1631 208.3399 15.86621386  2217
STARLINK AA             
1 46763U 20074AA  20309.50002315 -.01106069  00000-0 -48216-2 0  9997
2 46763  53.0487 107.6329 0001278  55.7685 147.0750 15.86656516  2215
STARLINK AB             
1 46764U 20074AB  20309.50002315 -.01106404  00000-0 -48124-2 0  9999
2 46764  53.0466 107.6274 0001361  48.8004 155.6808 15.86700919  2219
STARLINK AC             
1 46765U 20074AC  20309.50002315 -.01105984  00000-0 -48465-2 0  9990
2 46765  53.0480 107.6417 0001240  58.5730 140.4757 15.86551219  1924
STARLINK AD             
1 46766U 20074AD  20309.50002315 -.01103907  00000-0 -48298-2 0  9998
2 46766  53.0479 107.6393 0001757   1.6315 198.3292 15.86571635  1938
STARLINK AE             
1 46767U 20074AE  20309.50002315 -.01106290  00000-0 -48177-2 0  9993
2 46767  53.0485 107.6327 0001305  53.4227 149.5662 15.86677068  2217
STARLINK AF             
1 46768U 20074AF  20309.50002315 -.01106222  00000-0 -48229-2 0  9997
2 46768  53.0486 107.6329 0001337  50.8393 152.1257 15.86653540  2210
STARLINK AG             
1 46769U 20074AG  20309.50002315 -.01106029  00000-0 -48300-2 0  9993
2 46769  53.0468 107.6352 0001257  56.5252 144.5641 15.86620770  1934
STARLINK AH             
1 46770U 20074AH  20308.83334491 -.01111441  00000-0 -44648-2 0  9998
2 46770  53.0484 111.0228 0001127  47.8557 303.3916 15.88304775  2108
STARLINK AJ             
1 46771U 20074AJ  20308.83334491 -.01109629  00000-0 -44550-2 0  9996
2 46771  53.0482 111.0164 0003728 329.4772  20.3589 15.88275980  2100
STARLINK AK             
1 46772U 20074AK  20308.83334491 -.01111211  00000-0 -44694-2 0  9996
2 46772  53.0484 111.0251 0001125  48.3329 301.9897 15.88279766  2100
STARLINK AL             
1 46773U 20074AL  20308.83334491 -.01111316  00000-0 -44897-2 0  9998
2 46773  53.0511 111.0254 0001331  35.4085 312.2777 15.88189707  2107
STARLINK AM             
1 46774U 20074AM  20308.83334491 -.01111403  00000-0 -44892-2 0  9991
2 46774  53.0486 111.0285 0001387  34.2899 314.3747 15.88192956  2104
STARLINK AN             
1 46775U 20074AN  20308.91677083 -.01107901  00000-0 -45233-2 0  9996
2 46775  53.0479 110.6010 0001389  43.1822  60.7554 15.87971578  1791
STARLINK AP             
1 46776U 20074AP  20308.83334491 -.01111457  00000-0 -44826-2 0  9999
2 46776  53.0510 111.0226 0001387  33.4098 315.5238 15.88223272  1788
STARLINK AQ             
1 46777U 20074AQ  20308.83334491 -.01111317  00000-0 -44815-2 0  9993
2 46777  53.0509 111.0241 0001163  45.9466 302.4452 15.88227943  2102
STARLINK AR             
1 46778U 20074AR  20308.29646207  .00786710  34862-3  82961-3 0  9998
2 46778  53.0462 113.3109 0009803 314.3878  45.6352 16.09663978  2020
STARLINK AS             
1 46779U 20074AS  20308.91677083 -.01132238  00000-0 -45803-2 0  9994
2 46779  53.0458 110.5802 0000300 280.9458 190.6593 15.88225184  1835
STARLINK AT             
1 46780U 20074AT  20308.91677083 -.01108662  00000-0 -44664-2 0  9994
2 46780  53.0480 110.5925 0001242  53.7064  58.7195 15.88240084  1842
STARLINK AU             
1 46781U 20074AU  20308.91677083 -.01108794  00000-0 -44458-2 0  9992
2 46781  53.0481 110.5877 0001245  53.7498  60.7179 15.88334299  1841
STARLINK AV             
1 46782U 20074AV  20308.91677083 -.01124516  00000-0 -45225-2 0  9996
2 46782  53.0500 110.5847 0002958 354.8367 117.9176 15.88289345  1835
STARLINK AW             
1 46783U 20074AW  20309.50002315 -.01106530  00000-0 -47823-2 0  9995
2 46783  53.0477 107.6229 0001234  58.5869 148.5159 15.86831433  1932
STARLINK AX             
1 46784U 20074AX  20309.50002315 -.01106601  00000-0 -47870-2 0  9997
2 46784  53.0478 107.6238 0001268  55.8798 151.0154 15.86812730  1878
STARLINK AY             
1 46785U 20074AY  20308.91677083 -.01138218  00000-0 -46087-2 0  9990
2 46785  53.0489 110.5708 0001684 299.6752 175.6653 15.88205646  1786
STARLINK AZ             
1 46786U 20074AZ  20309.50002315 -.01106468  00000-0 -48003-2 0  9999
2 46786  53.0478 107.6246 0001264  55.8532 150.5496 15.86754151  1876
STARLINK BA             
1 46787U 20074BA  20308.91677083 -.01140378  00000-0 -46118-2 0  9997
2 46787  53.0503 110.5812 0002712 283.9900 186.3727 15.88221083  1789
STARLINK BB             
1 46788U 20074BB  20308.91677083 -.01111186  00000-0 -44925-2 0  9997
2 46788  53.0502 110.5810 0001418  40.7990  69.5571 15.88173664  1787
STARLINK BC             
1 46789U 20074BC  20308.91677083 -.01045486  00000-0 -41747-2 0  9996
2 46789  53.0491 110.5748 0001273  59.8940  53.5677 15.88265570  1788
STARLINK BD             
1 46790U 20074BD  20308.91677083 -.01106946  00000-0 -44335-2 0  9993
2 46790  53.0500 110.5710 0001187  60.2729  54.7239 15.88352432  1786
STARLINK BE             
1 46791U 20074BE  20308.91677083 -.01109376  00000-0 -44563-2 0  9997
2 46791  53.0499 110.5723 0001155  66.3739  47.6267 15.88300468  1785
STARLINK BF             
1 46792U 20074BF  20308.91677083 -.01084194  00000-0 -43506-2 0  9994
2 46792  53.0493 110.5748 0001100  40.1233  73.3252 15.88261637  1780
STARLINK BG             
1 46793U 20074BG  20308.91677083 -.01149236  00000-0 -46248-2 0  9990
2 46793  53.0491 110.5719 0000856 305.3979 169.4035 15.88364054  1780
STARLINK BH             
1 46794U 20074BH  20308.91677083 -.01148907  00000-0 -46172-2 0  9991
2 46794  53.0492 110.5732 0004033 286.9017 187.2991 15.88345014  1789
STARLINK BJ             
1 46795U 20074BJ  20308.91677083 -.01108543  00000-0 -44854-2 0  9999
2 46795  53.0480 110.5974 0001278  52.1424  58.1586 15.88153065  1844
STARLINK BK             
1 46796U 20074BK  20308.91677083 -.01137555  00000-0 -45896-2 0  9992
2 46796  53.0502 110.5758 0001793 314.2873 158.2444 15.88273407  1783
STARLINK BL             
1 46797U 20074BL  20308.91677083 -.01108534  00000-0 -44741-2 0  9996
2 46797  53.0480 110.5952 0001285  50.4795  60.7131 15.88202838  1840
STARLINK BM             
1 46798U 20074BM  20308.91677083 -.01108301  00000-0 -44826-2 0  9993
2 46798  53.0480 110.5984 0001408  42.3461  67.3847 15.88158990  1849
2020-074BN              
1 46799U 20074BN  20308.80364861  .00313223  56569-4  40686-3 0  9993
2 46799  53.0486 110.7709 0012558 342.4169  17.6427 16.06374779  2108
2020-074BP              
1 46800U 20074BP  20309.48619568  .00285781  49180-4  35808-3 0  9996
2 46800  53.0487 107.1899 0013457 352.3518   7.7307 16.06935304  2215
2020-074BQ              
1 46801U 20074BQ  20308.79508389  .00326386  61820-4  38520-3 0  9994
2 46801  53.0484 110.7161 0009487 350.6790   9.4065 16.07957740  2103
2020-074BR              
1 46802U 20074BR  20308.79224943  .00368010  76757-4  41374-3 0  9992
2 46802  53.0484 110.6988 0010423   4.6544 355.4585 16.08674380  2103
2020-074BS              
1 46803U 20074BS  20308.78191133  .00417224  99300-4  40484-3 0  9998
2 46803  53.0480 110.6268 0014944 326.2135  33.7945 16.10759724  2107
COSMOS 2547 [GLONASS-K] 
1 46805U 20075A   20308.60920628  .00000019  00000-0  00000-0 0  9993
2 46805  64.8045 261.4787 0008315 231.4177 357.1662  2.13163061   181
FREGAT R/B              
1 46806U 20075B   20300.31342135 -.00000015  00000-0  00000-0 0  9992
2 46806  64.8902 261.6707 0077674 107.7005 231.3414  2.08793134    00
YAOGAN-30 U             
1 46807U 20076A   20309.34508175  .00000269  00000-0  33790-4 0  9990
2 46807  34.9952 189.0109 0006420 293.9411  66.0613 14.85126072  1300
YAOGAN-30 V             
1 46808U 20076B   20309.40086036  .00000241  00000-0  28233-4 0  9991
2 46808  34.9975 188.5224 0006151 319.1186  40.9059 14.88497414  1308
YAOGAN-30 W             
1 46809U 20076C   20309.38819606  .00000409  00000-0  42462-4 0  9992
2 46809  34.9979 188.4218 0007189 344.1484  15.8996 14.91771712  1295
TIANQI-6                
1 46810U 20076D   20309.38820150  .00000254  00000-0  27660-4 0  9991
2 46810  35.0045 188.4199 0014384  22.1611 337.9714 14.91368215  1297
CZ-2C R/B               
1 46811U 20076E   20309.11305277  .00001438  00000-0  62277-4 0  9999
2 46811  35.3309 188.6974 0121202 132.1138 228.9956 15.16335537  1275
FLOCK 4V-25             
1 46812U 20061BP  20308.82118451  .00000681  00000-0  39156-4 0  9996
2 46812  97.4585  20.8236 0006306  13.5061 346.6334 15.15743258  1330
FLOCK 4E'-1             
1 46813U 20077A   20309.54718072  .00001059  00000-0  59468-4 0  9997
2 46813  97.5004   9.9176 0011955 311.7356 190.1940 15.15449582  1007
FLOCK 4E'-7             
1 46814U 20077B   20309.54649565  .00000663  00000-0  38353-4 0  9998
2 46814  97.5007   9.9191 0012573 306.9865 195.6365 15.15633535  1000
FLOCK 4E'-9             
1 46815U 20077C   20309.54525653  .00000723  00000-0  41278-4 0  9997
2 46815  97.4976   9.9093 0011222 303.8003 196.5530 15.15822498  1008
FLOCK 4E'-8             
1 46816U 20077D   20309.54445936  .00000689  00000-0  39361-4 0  9994
2 46816  97.5024   9.9256 0009699 298.6086 201.5985 15.15997849  1006
FLOCK 4E'-5             
1 46817U 20077E   20309.53606858  .00000723  00000-0  40480-4 0  9999
2 46817  97.5027   9.9217 0013807 291.5747 175.6545 15.16538005  1008
CE-SAT IIB              
1 46818U 20077F   20309.53516639  .00000399  00000-0  23766-4 0  9994
2 46818  97.5007   9.9184 0012498 285.5970 181.6015 15.16741072  1005
FLOCK 4E'-3             
1 46819U 20077G   20309.53431525  .00001100  00000-0  59116-4 0  9994
2 46819  97.5001   9.9180 0014326 284.4288 182.8277 15.16944550  1007
FLOCK 4E'-2             
1 46820U 20077H   20309.53297433  .00000942  00000-0  50707-4 0  9994
2 46820  97.5050   9.9316 0012786 274.5152 192.7266 15.17250074  1002
FLOCK 4E'-4             
1 46821U 20077J   20309.46382000  .00000648  00000-0  35753-4 0  9999
2 46821  97.5002   9.8553 0013507 271.8937 182.7686 15.17457097   957
FLOCK 4E'-6             
1 46822U 20077K   20309.51550820  .00000454  00000-0  26585-4 0  9991
2 46822  97.4976   9.8895 0011823 283.4341  76.5577 15.16744142  1008
ELECTRON R/B            
1 46823U 20077L   20309.43489382  .01618761  22707-5  93123-3 0  9998
2 46823  97.4921  10.4798 0184817 202.1049 157.2876 15.91413436  1030
ELECTRON KICK STAGE R/B 
1 46824U 20077M   20308.92240332  .00001061  00000-0  56998-4 0  9997
2 46824  96.6452   8.8961 0012081 299.2589  60.7482 15.16602021   906
FLOCK 4V-26             
1 46825U 20061BQ  20309.15691246  .00000738  00000-0  43302-4 0  9996
2 46825  97.4699  21.1414 0007561  46.3055 313.8803 15.14783674   941
